
This is FORCESNLPsolver, an interior point solver for nonlinear programming generated by FORCESPRO v4.3.1.
Problem size: 100 variables, 70 equality and 146 constraints in 15 stage(s)
(c) embotech AG, Zurich, Switzerland, 2013-2021. All rights reserved. Email: info@embotech.com

  It.   objective   res_stat   res_eq   res_ineq   rsnorm   rcompnorm     barrier    step_p  step_d  lsit  dw       dc     skips
  ------------------------------------------------------------------------------------------------------------------------------
    0  +1.2680e+005  5.78e+003  7.85e+000  4.13e+001  5.78e+003  2.50e+002    1.0e-001 (A)  0.0000  0.0000   1  1.6e-005  1.6e-005    0
    1  +1.1562e+005  5.51e+003  7.59e+000  4.00e+001  5.51e+003  2.59e+002    4.3e+001 (A)  0.0346  0.0045   1  5.2e-004  5.2e-004    3
    2  +9.3876e+004  4.99e+003  7.05e+000  3.79e+001  4.99e+003  1.76e+002    4.4e+001 (A)  0.0709  0.9225   1  4.0e-004  4.0e-004    6
    3  +8.0447e+004  4.61e+003  6.51e+000  3.51e+001  4.61e+003  1.13e+002    3.7e+001 (A)  0.0796  0.1817   1  3.3e-004  3.3e-004    2
    4  +5.9552e+004  3.86e+003  5.47e+000  2.92e+001  3.86e+003  8.08e+001    3.3e+001 (A)  0.1760  0.3600   1  2.8e-004  2.8e-004    2
    5  +4.5879e+004  3.64e+003  4.51e+000  2.38e+001  3.64e+003  6.49e+001    2.9e+001 (A)  0.1956  0.3282   1  2.3e-004  2.3e-004    5
    6  +3.8146e+004  3.62e+003  3.91e+000  2.02e+001  3.62e+003  5.45e+001    2.6e+001 (A)  0.1581  0.2843   1  1.8e-004  1.8e-004    5
    7  +2.9593e+004  3.46e+003  3.20e+000  1.58e+001  3.46e+003  4.73e+001    2.4e+001 (A)  0.2303  0.3706   1  1.6e-004  1.6e-004    2
    8  +2.4089e+004  2.86e+003  2.69e+000  1.27e+001  2.86e+003  4.00e+001    2.2e+001 (A)  0.2075  0.2288   1  1.3e-004  1.3e-004    6
    9  +2.1477e+004  3.10e+003  2.37e+000  1.09e+001  3.10e+003  3.84e+001    2.0e+001 (A)  0.1430  0.2475   1  1.1e-004  1.1e-004    4
   10  +1.8646e+004  3.91e+003  1.98e+000  8.85e+000  3.91e+003  3.57e+001    1.9e+001 (A)  0.2027  0.4199   1  9.3e-005  9.3e-005    2
   11  +1.7201e+004  4.70e+003  1.72e+000  7.52e+000  4.70e+003  5.32e+001    1.7e+001 (A)  0.1576  0.3591   1  7.8e-005  7.8e-005    4
   12  +1.5187e+004  2.85e+003  1.37e+000  5.75e+000  2.85e+003  4.54e+001    1.6e+001 (A)  0.2533  0.1636   1  6.7e-005  6.7e-005    4
   13  +1.4596e+004  3.61e+003  1.17e+000  4.80e+000  3.61e+003  2.52e+001    1.5e+001 (A)  0.1741  0.2637   1  5.5e-005  5.5e-005    2
   14  +1.4530e+004  6.11e+003  9.28e-001  3.80e+000  6.11e+003  2.55e+001    1.3e+001 (A)  0.2221  0.5646   1  4.7e-005  4.7e-005    3
   15  +1.4556e+004  1.13e+004  8.59e-001  3.50e+000  1.13e+004  3.45e+001    1.2e+001 (A)  0.0802  0.4134   1  3.8e-005  3.8e-005    2
   16  +1.4753e+004  1.65e+004  6.62e-001  2.60e+000  1.65e+004  3.02e+001    1.1e+001 (A)  0.2793  1.0000   1  3.5e-005  3.5e-005    2
   17  +1.5905e+004  1.33e+004  5.90e-001  2.28e+000  1.33e+004  2.63e+001    2.4e-001 (A)  0.1256  0.0209   1  1.2e-005  1.2e-005    6
   18  +1.7270e+004  1.30e+004  4.60e-001  1.76e+000  1.30e+004  1.99e+001    9.4e+000 (A)  0.2500  0.3397   1  2.5e-005  2.5e-005    2
   19  +1.7390e+004  1.44e+004  4.40e-001  1.67e+000  1.44e+004  2.03e+001    8.6e+000 (A)  0.0485  0.1578   1  2.0e-005  2.0e-005    2
   20  +2.0125e+004  1.40e+004  3.90e-001  1.20e+000  1.40e+004  1.58e+001    8.4e+000 (A)  0.3108  0.3109   1  1.9e-005  1.9e-005    5
   21  +2.0313e+004  1.55e+004  3.83e-001  1.15e+000  1.55e+004  1.64e+001    7.7e+000 (A)  0.0418  0.1808   1  1.7e-005  1.7e-005    2
   22  +2.2802e+004  1.49e+004  3.37e-001  8.85e-001  1.49e+004  1.39e+001    7.5e+000 (A)  0.2512  0.2660   1  1.7e-005  1.7e-005    2
   23  +2.3976e+004  1.60e+004  3.24e-001  7.67e-001  1.60e+004  1.40e+001    6.9e+000 (A)  0.1378  0.3494   1  1.5e-005  1.5e-005    6
   24  +2.5252e+004  1.56e+004  3.16e-001  6.56e-001  1.56e+004  1.29e+001    6.5e+000 (A)  0.1581  0.2023   1  1.4e-005  1.4e-005    5
   25  +2.7556e+004  1.28e+004  3.05e-001  5.11e-001  1.28e+004  1.05e+001    6.1e+000 (A)  0.2359  0.0833   1  1.4e-005  1.4e-005    4
   26  +3.0212e+004  1.21e+004  2.84e-001  3.85e-001  1.21e+004  8.99e+000    5.8e+000 (A)  0.3276  0.2800   1  1.3e-005  1.3e-005    6
   27  +3.1277e+004  1.20e+004  2.73e-001  3.44e-001  1.20e+004  8.64e+000    5.3e+000 (A)  0.1094  0.0676   1  1.2e-005  1.2e-005    4
   28  +3.1528e+004  1.15e+004  2.71e-001  3.26e-001  1.15e+004  8.32e+000    5.1e+000 (A)  0.0768  0.1155   1  1.2e-005  1.2e-005    2
   29  +3.9546e+004  1.46e+004  2.43e-001  4.21e-001  1.46e+004  1.30e+001    5.0e+000 (A)  0.4766  0.0506   1  1.1e-005  1.1e-005    7
   30  +4.0340e+004  1.28e+004  2.38e-001  3.80e-001  1.28e+004  9.39e+000    4.8e+000 (M)  0.1060  0.1488   1  1.0e-005  1.0e-005    6
   31  +4.3874e+004  1.73e+004  2.18e-001  5.37e-001  1.73e+004  1.90e+001    4.5e+000 (M)  0.4709  0.0320   1  1.0e-005  1.0e-005    1
   32  +4.4119e+004  1.28e+004  2.16e-001  5.25e-001  1.28e+004  8.85e+000    4.6e+000 (M)  0.0246  0.1893   1  9.3e-006  9.3e-006    5
   33  +4.5721e+004  1.27e+004  2.05e-001  4.81e-001  1.27e+004  8.60e+000    4.3e+000 (M)  0.1575  0.1053   1  9.2e-006  9.2e-006    6
   34  +4.7459e+004  1.29e+004  2.01e-001  4.50e-001  1.29e+004  8.79e+000    4.1e+000 (M)  0.1352  0.0665   1  8.7e-006  8.7e-006    1
   35  +5.2764e+004  1.38e+004  1.94e-001  5.61e-001  1.38e+004  8.73e+000    4.0e+000 (M)  0.3754  0.1787   1  8.5e-006  8.5e-006    5
   36  +5.3081e+004  1.76e+004  1.93e-001  5.47e-001  1.76e+004  1.25e+001    3.7e+000 (M)  0.0285  0.7406   1  8.1e-006  8.1e-006    7
   37  +5.8610e+004  1.92e+004  1.77e-001  6.32e-001  1.92e+004  9.46e+000    3.2e+000 (M)  0.4143  0.3230   1  8.0e-006  8.0e-006    3
   38  +5.8679e+004  1.90e+004  1.75e-001  6.13e-001  1.90e+004  7.02e+000    3.0e+000 (M)  0.0339  0.1587   1  7.4e-006  7.4e-006    3
   39  +6.1808e+004  2.20e+004  1.78e-001  1.12e+000  2.20e+004  5.97e+000    2.9e+000 (M)  0.5931  0.0049   1  7.3e-006  7.3e-006    7
   40  +6.1834e+004  1.98e+004  1.78e-001  1.11e+000  1.98e+004  6.51e+000    2.7e+000 (M)  0.0085  0.1700   1  7.3e-006  7.3e-006    3
   41  +6.1974e+004  2.07e+004  1.75e-001  1.01e+000  2.07e+004  7.07e+000    2.6e+000 (M)  0.1103  0.0073   1  7.3e-006  7.3e-006    5
   42  +6.1916e+004  1.86e+004  1.75e-001  9.82e-001  1.86e+004  5.26e+000    2.6e+000 (M)  0.0281  0.1632   1  7.1e-006  7.1e-006    7
   43  +6.1950e+004  2.23e+004  1.67e-001  9.74e-001  2.23e+004  9.30e+000    2.5e+000 (M)  0.4052  0.0043   1  7.1e-006  7.1e-006    3
   44  +6.1866e+004  2.40e+004  1.65e-001  1.03e+000  2.40e+004  1.49e+001    2.6e+000 (M)  0.3149  0.0574   1  6.8e-006  6.8e-006    4
   45  +6.1861e+004  2.33e+004  1.65e-001  1.02e+000  2.33e+004  1.64e+001    2.5e+000 (M)  0.0049  0.0462   1  6.7e-006  6.7e-006    6
   46  +6.2030e+004  1.97e+004  1.57e-001  9.88e-001  1.97e+004  1.79e+001    2.5e+000 (M)  0.1107  0.3996   1  6.6e-006  6.6e-006    5
   47  +6.2031e+004  1.87e+004  1.57e-001  9.80e-001  1.87e+004  1.21e+001    2.3e+000 (M)  0.0081  0.3835   1  6.3e-006  6.3e-006    4
   48  +6.1893e+004  1.83e+004  1.55e-001  9.05e-001  1.83e+004  1.06e+001    2.2e+000 (M)  0.1072  0.0344   1  6.3e-006  6.3e-006    6
   49  +6.2035e+004  2.02e+004  1.52e-001  8.65e-001  2.02e+004  6.08e+000    2.1e+000 (M)  0.3019  0.0329   1  6.1e-006  6.1e-006    5
   50  +6.1983e+004  2.00e+004  1.52e-001  8.59e-001  2.00e+004  6.11e+000    2.0e+000 (M)  0.0074  0.0158   1  6.0e-006  6.0e-006    4
   51  +6.1271e+004  2.41e+004  1.43e-001  1.12e+000  2.41e+004  6.99e+000    2.0e+000 (M)  0.3111  0.1726   1  6.0e-006  6.0e-006    4
   52  +6.1262e+004  2.33e+004  1.43e-001  1.11e+000  2.33e+004  7.77e+000    1.9e+000 (M)  0.0039  0.0452   1  5.7e-006  5.7e-006    6
   53  +6.0906e+004  2.34e+004  1.41e-001  9.88e-001  2.34e+004  5.55e+000    1.9e+000 (M)  0.1908  0.1677   1  5.6e-006  5.6e-006    5
   54  +6.0689e+004  2.42e+004  1.39e-001  9.47e-001  2.42e+004  4.95e+000    1.8e+000 (M)  0.0479  0.0028   1  5.5e-006  5.5e-006    4
   55  +6.0413e+004  2.38e+004  1.40e-001  9.17e-001  2.38e+004  4.73e+000    1.8e+000 (M)  0.0397  0.0545   1  5.4e-006  5.4e-006    6
   56  +5.9747e+004  2.60e+004  1.31e-001  8.96e-001  2.60e+004  5.95e+000    1.8e+000 (M)  0.1102  0.0030   1  5.4e-006  5.4e-006    5
   57  +5.9261e+004  2.37e+004  1.23e-001  8.76e-001  2.37e+004  3.19e+000    1.8e+000 (M)  0.1017  0.1851   1  5.1e-006  5.1e-006    5
   58  +5.9016e+004  1.88e+004  1.17e-001  8.47e-001  1.88e+004  3.68e+000    1.7e+000 (M)  0.0640  0.3200   1  4.8e-006  4.8e-006    6
   59  +5.9000e+004  1.87e+004  1.17e-001  8.42e-001  1.87e+004  5.17e+000    1.5e+000 (M)  0.0064  0.2471   1  4.6e-006  4.6e-006    6
   60  +5.8492e+004  1.97e+004  1.16e-001  8.16e-001  1.97e+004  2.99e+000    1.5e+000 (M)  0.2744  0.0035   1  4.6e-006  4.6e-006    6
   61  +5.8433e+004  1.83e+004  1.16e-001  8.11e-001  1.83e+004  5.69e+000    1.4e+000 (M)  0.0052  0.3217   1  4.5e-006  4.5e-006    6
   62  +5.6933e+004  2.08e+004  1.08e-001  1.17e+000  2.08e+004  2.57e+000    1.4e+000 (M)  0.2841  0.0595   1  4.5e-006  4.5e-006    6
   63  +5.6909e+004  1.88e+004  1.08e-001  1.16e+000  1.88e+004  2.90e+000    1.3e+000 (M)  0.0037  0.1071   1  4.2e-006  4.2e-006    4
   64  +5.6480e+004  2.10e+004  1.07e-001  1.00e+000  2.10e+004  1.94e+000    1.3e+000 (M)  0.1836  0.0163   1  4.2e-006  4.2e-006    6
   65  +5.6383e+004  1.79e+004  1.07e-001  9.40e-001  1.79e+004  1.99e+000    1.2e+000 (M)  0.0649  0.2251   1  4.2e-006  4.2e-006    6
   66  +5.7043e+004  2.55e+004  1.13e-001  7.95e-001  2.55e+004  2.99e+000    1.2e+000 (M)  0.5780  0.0035   1  4.1e-006  4.1e-006    5
   67  +5.6917e+004  2.75e+004  1.17e-001  6.52e-001  2.75e+004  3.66e+000    1.2e+000 (M)  0.2316  0.0326   1  4.3e-006  4.3e-006    8
   68  +5.4692e+004  3.07e+004  9.39e-002  8.11e-001  3.07e+004  4.62e+000    1.1e+000 (M)  0.1637  0.0133   1  4.4e-006  4.4e-006    7
   69  +5.4660e+004  2.22e+004  9.39e-002  8.10e-001  2.22e+004  1.74e+000    1.2e+000 (M)  0.0023  0.3531   1  3.7e-006  3.7e-006    5
   70  +5.9302e+004  4.98e+004  5.35e-001  6.64e+000  4.98e+004  3.95e+000    1.0e+000 (M)  0.8092  0.0068   1  3.7e-006  3.7e-006    9
   71  +5.8790e+004  3.22e+004  5.30e-001  6.55e+000  3.22e+004  3.34e+000    1.1e+000 (M)  0.0141  0.2986   1  1.5e-005  1.5e-005    5
   72  +5.8502e+004  3.22e+004  5.25e-001  6.48e+000  3.22e+004  3.26e+000    9.7e-001 (M)  0.0119  0.0041   1  1.4e-005  1.4e-005    3
   73  +5.8430e+004  3.21e+004  5.24e-001  6.46e+000  3.21e+004  3.26e+000    9.7e-001 (M)  0.0028  0.0025   1  1.4e-005  1.4e-005    5
   74  +5.7702e+004  3.12e+004  5.13e-001  6.28e+000  3.12e+004  3.17e+000    9.7e-001 (M)  0.0282  0.0949   1  1.4e-005  1.4e-005    7
   75  +5.4810e+004  2.75e+004  4.70e-001  5.57e+000  2.75e+004  2.92e+000    9.5e-001 (M)  0.1246  0.0347   1  1.4e-005  1.4e-005    2
   76  +5.2654e+004  2.50e+004  4.33e-001  5.07e+000  2.50e+004  2.66e+000    9.3e-001 (M)  0.0949  0.2859   1  1.3e-005  1.3e-005    3
   77  +5.2565e+004  2.50e+004  4.31e-001  5.05e+000  2.50e+004  2.66e+000    8.6e-001 (M)  0.0039  0.0042   1  1.2e-005  1.2e-005    7
   78  +4.9485e+004  2.46e+004  3.97e-001  4.63e+000  2.46e+004  3.75e+001    8.6e-001 (M)  0.0880  0.6290   1  1.2e-005  1.2e-005    2
   79  +4.9232e+004  2.46e+004  3.92e-001  4.58e+000  2.46e+004  3.44e+001    9.9e-001 (M)  0.0109  0.0239   1  1.1e-005  1.1e-005    3
   80  +4.4971e+004  2.23e+004  3.49e-001  3.66e+000  2.23e+004  3.22e+001    9.8e-001 (M)  0.2253  0.1129   1  1.1e-005  1.1e-005    8
   81  +4.3154e+004  2.56e+004  3.31e-001  3.31e+000  2.56e+004  3.19e+001    1.1e+000 (M)  0.0975  0.0589   1  1.0e-005  1.0e-005    4
   82  +2.9758e+004  1.54e+005  2.75e-001  1.86e+000  1.54e+005  1.13e+002    1.0e+000 (M)  0.6497  0.0052   1  9.5e-006  9.5e-006    3
   83  +2.8382e+004  1.46e+005  2.63e-001  1.78e+000  1.46e+005  1.09e+002    1.7e+000 (M)  0.0496  0.0397   1  8.2e-006  8.2e-006    9
   84  +2.7798e+004  1.45e+005  2.58e-001  1.74e+000  1.45e+005  1.02e+002    1.7e+000 (M)  0.0203  0.0769   1  7.8e-006  7.8e-006    7
   85  +2.2350e+004  1.05e+005  2.31e-001  1.47e+000  1.05e+005  9.36e+001    1.6e+000 (M)  0.2203  0.0653   1  7.7e-006  7.7e-006    3
   86  +2.2236e+004  1.09e+005  2.30e-001  1.46e+000  1.09e+005  8.63e+001    1.6e+000 (M)  0.0069  0.1087   1  7.0e-006  7.0e-006    5
   87  +2.0099e+004  7.13e+004  2.14e-001  1.12e+000  7.13e+004  7.71e+001    1.5e+000 (M)  0.2635  0.0317   1  7.0e-006  7.0e-006    3
   88  +1.9069e+004  6.28e+004  2.05e-001  1.03e+000  6.28e+004  7.44e+001    1.5e+000 (A)  0.0831  0.0147   1  6.6e-006  6.6e-006    7
   89  +1.2663e+004  3.45e+004  1.39e-001  9.80e-001  3.45e+004  5.31e+001    1.6e+000 (A)  0.7964  0.0892   1  6.3e-006  6.3e-006    7
   90  +1.3282e+004  3.78e+004  1.28e-001  7.20e-001  3.78e+004  4.56e+001    1.7e+000 (A)  0.3000  0.1068   1  4.6e-006  4.6e-006    3
   91  +1.5216e+004  5.24e+004  7.93e-002  4.16e-001  5.24e+004  3.83e+001    1.7e+000 (A)  1.0000  0.0382   1  4.3e-006  4.3e-006    7
   92  +1.4955e+004  4.63e+004  5.50e-002  3.41e-001  4.63e+004  3.17e+001    1.5e-001 (A)  0.1847  0.0808   1  2.9e-006  2.9e-006    2
   93  +1.2760e+004  3.07e+004  3.27e-002  2.77e-001  3.07e+004  3.59e+001    2.4e+000 (A)  0.3255  0.0863   1  2.2e-006  2.2e-006    4
   94  +1.2679e+004  3.03e+004  3.24e-002  2.74e-001  3.03e+004  2.92e+001    2.5e+000 (A)  0.0110  0.1347   1  1.4e-006  1.4e-006    6
   95  +1.1450e+004  2.54e+004  2.85e-002  2.42e-001  2.54e+004  2.70e+001    2.1e+000 (A)  0.1378  0.0750   1  1.4e-006  1.4e-006    2
   96  +1.1404e+004  2.53e+004  2.83e-002  2.41e-001  2.53e+004  2.65e+001    2.0e+000 (A)  0.0046  0.1843   1  1.3e-006  1.3e-006    5
   97  +9.7000e+003  1.97e+004  3.45e-002  2.17e-001  1.97e+004  2.16e+001    1.8e+000 (A)  0.1835  0.0567   1  1.3e-006  1.3e-006    2
   98  +9.6196e+003  1.95e+004  3.43e-002  2.16e-001  1.95e+004  2.13e+001    1.8e+000 (A)  0.0066  0.0906   1  1.5e-006  1.5e-006    2
   99  +6.7893e+003  1.50e+004  1.34e-001  6.44e-001  1.50e+004  1.64e+001    1.7e+000 (A)  0.3407  0.0982   1  1.5e-006  1.5e-006    5
  100  +5.8792e+003  1.36e+004  1.04e-001  6.12e-001  1.36e+004  1.50e+001    1.7e+000 (A)  0.3114  0.1030   1  4.3e-006  4.3e-006    2
  101  +5.6591e+003  1.19e+004  9.07e-002  5.38e-001  1.19e+004  1.50e+001    1.6e+000 (A)  0.1371  0.0199   1  3.5e-006  3.5e-006    6
  102  +5.4399e+003  1.09e+004  7.06e-002  4.35e-001  1.09e+004  1.12e+001    1.7e+000 (A)  0.2288  0.2708   1  3.1e-006  3.1e-006    7
  103  +5.3200e+003  1.07e+004  6.43e-002  3.98e-001  1.07e+004  1.11e+001    1.5e+000 (A)  0.0907  0.0279   1  2.6e-006  2.6e-006    1
  104  +4.9330e+003  8.71e+003  4.96e-002  3.11e-001  8.71e+003  1.10e+001    1.5e+000 (A)  0.2338  0.0588   1  2.4e-006  2.4e-006    1
  105  +4.0557e+003  6.08e+003  2.78e-002  2.09e-001  6.08e+003  8.39e+000    1.5e+000 (A)  0.4421  0.2749   1  1.9e-006  1.9e-006    3
  106  +3.9777e+003  5.81e+003  2.64e-002  1.99e-001  5.81e+003  6.87e+000    1.3e+000 (A)  0.0502  0.1850   1  1.2e-006  1.2e-006    3
  107  +3.7370e+003  5.19e+003  2.35e-002  1.78e-001  5.19e+003  4.67e+000    1.3e+000 (A)  0.1083  0.3127   1  1.2e-006  1.2e-006    2
  108  +3.6223e+003  4.88e+003  2.21e-002  1.67e-001  4.88e+003  4.55e+000    1.1e+000 (A)  0.0599  0.0387   1  1.0e-006  1.0e-006    0
  109  +3.4369e+003  4.46e+003  2.03e-002  1.53e-001  4.46e+003  4.02e+000    1.1e+000 (A)  0.0821  0.1408   1  9.9e-007  9.9e-007    0
  110  +3.3768e+003  4.18e+003  1.90e-002  1.44e-001  4.18e+003  3.70e+000    1.1e+000 (A)  0.0639  0.0995   1  9.3e-007  9.3e-007    2
  111  +3.0273e+003  3.51e+003  1.66e-002  1.26e-001  3.51e+003  3.72e+000    1.0e+000 (A)  0.1437  0.0296   1  8.8e-007  8.8e-007    5
  112  +2.5366e+003  2.69e+003  1.51e-002  1.04e-001  2.69e+003  3.18e+000    1.0e+000 (A)  0.2333  0.1984   1  7.8e-007  7.8e-007    2
  113  +2.3941e+003  2.39e+003  1.38e-002  9.28e-002  2.39e+003  2.54e+000    9.7e-001 (A)  0.1122  0.2412   1  7.2e-007  7.2e-007    1
  114  +2.2232e+003  2.06e+003  1.26e-002  8.18e-002  2.06e+003  2.51e+000    9.0e-001 (A)  0.1366  0.0389   1  6.7e-007  6.7e-007    3
  115  +1.9752e+003  1.76e+003  1.19e-002  7.19e-002  1.76e+003  2.28e+000    8.9e-001 (A)  0.1623  0.1396   1  6.2e-007  6.2e-007    7
  116  +1.9528e+003  1.70e+003  1.15e-002  6.95e-002  1.70e+003  2.13e+000    8.5e-001 (A)  0.0337  0.0904   1  5.9e-007  5.9e-007    3
  117  +1.9182e+003  1.66e+003  1.13e-002  6.79e-002  1.66e+003  1.96e+000    8.2e-001 (A)  0.0259  0.0984   1  5.8e-007  5.8e-007    2
  118  +1.7942e+003  1.41e+003  9.55e-003  6.14e-002  1.41e+003  1.78e+000    8.0e-001 (A)  0.1340  0.1440   1  5.6e-007  5.6e-007    3
  119  +1.4808e+003  1.11e+003  7.80e-003  4.13e-002  1.11e+003  1.85e+000    7.6e-001 (A)  0.4462  0.0780   1  4.9e-007  4.9e-007    2
  120  +1.3684e+003  1.03e+003  7.40e-003  3.83e-002  1.03e+003  1.74e+000    7.5e-001 (A)  0.1162  0.1008   1  4.2e-007  4.2e-007    4
  121  +1.3064e+003  6.38e+002  7.03e-003  3.62e-002  6.38e+002  1.58e+000    7.2e-001 (A)  0.0753  0.2765   1  4.0e-007  4.0e-007    4
  122  +1.1755e+003  6.88e+002  6.48e-003  3.19e-002  6.88e+002  1.46e+000    6.7e-001 (A)  0.1814  0.0541   1  3.8e-007  3.8e-007    2
  123  +8.4381e+002  1.09e+003  1.87e-002  5.23e-002  1.09e+003  1.36e+000    6.6e-001 (A)  0.3165  0.0783   1  3.6e-007  3.6e-007    6
  124  +8.0701e+002  8.32e+002  1.82e-002  5.07e-002  8.32e+002  1.26e+000    6.3e-001 (A)  0.0431  0.1329   1  8.3e-007  8.3e-007    2
  125  +4.9536e+002  7.46e+002  4.41e-002  1.10e-001  7.46e+002  1.18e+000    6.1e-001 (A)  0.4345  0.1538   1  8.1e-007  8.1e-007    2
  126  +4.4730e+002  6.46e+002  3.92e-002  9.76e-002  6.46e+002  1.10e+000    5.7e-001 (A)  0.1368  0.1347   1  1.6e-006  1.6e-006    6
  127  +4.0599e+002  5.68e+002  3.43e-002  8.49e-002  5.68e+002  9.90e-001    5.5e-001 (A)  0.1526  0.2008   1  1.5e-006  1.5e-006    4
  128  +3.3031e+002  6.37e+002  2.60e-002  5.77e-002  6.37e+002  1.39e+000    5.3e-001 (A)  0.3732  0.5040   1  1.3e-006  1.3e-006    2
  129  +2.9792e+002  4.65e+002  1.65e-002  3.89e-002  4.65e+002  9.24e-001    4.7e-001 (A)  0.3741  0.3898   1  1.1e-006  1.1e-006    4
  130  +2.5480e+002  2.61e+002  1.14e-002  2.51e-002  2.61e+002  2.67e+000    4.3e-001 (A)  0.5158  0.8173   1  7.4e-007  7.4e-007    3
  131  +2.3099e+002  1.27e+002  4.81e-003  1.14e-002  1.27e+002  4.26e-001    3.5e-001 (A)  0.5904  0.5020   1  5.5e-007  5.5e-007    3
  132  +2.0441e+002  1.36e+002  2.30e-003  3.11e-003  1.36e+002  4.71e-001    3.1e-001 (A)  1.0000  1.0000   1  2.8e-007  2.8e-007    1
  133  +1.9073e+002  5.37e+002  1.47e-003  1.06e-003  5.37e+002  2.08e-001    2.2e-002 (A)  0.8854  0.5996   1  1.5e-007  1.5e-007    1
  134  +1.7524e+002  1.10e+003  7.92e-004  2.81e-003  1.10e+003  1.79e-001    1.0e-001 (A)  0.2102  0.0982   1  1.1e-007  1.1e-007    0
  135  +1.6500e+002  7.57e+002  1.59e-003  2.06e-003  7.57e+002  2.50e-001    1.0e-001 (A)  0.3253  0.5965   1  6.5e-008  6.5e-008    2
  136  +1.5786e+002  8.67e+002  5.93e-004  1.52e-003  8.67e+002  2.17e-001    8.8e-002 (A)  0.5522  0.0393   1  1.1e-007  1.1e-007    3
  137  +1.5499e+002  3.52e+002  1.43e-003  1.86e-003  3.52e+002  3.37e-001    8.7e-002 (A)  0.6201  0.8793   1  5.2e-008  5.2e-008    0
  138  +1.5400e+002  4.55e+001  1.65e-004  1.82e-004  4.55e+001  1.63e-001    7.1e-002 (A)  1.0000  1.0000   1  1.0e-007  1.0e-007    1
  139  +1.5353e+002  7.37e+001  1.33e-004  3.16e-004  7.37e+001  5.24e-002    1.8e-006 (A)  0.9142  0.7551   1  1.5e-009  1.5e-009    2
  140  +1.5324e+002  4.48e+001  9.00e-005  1.02e-004  4.48e+001  1.65e-002    1.4e-002 (A)  1.0000  1.0000   1  1.6e-008  1.6e-008    0
  141  +1.5310e+002  4.23e+001  1.32e-004  1.43e-004  4.23e+001  4.80e-003    1.7e-004 (A)  0.8068  0.8532   1  1.2e-008  1.2e-008    0
  142  +1.5287e+002  4.24e+001  4.93e-005  8.00e-005  4.24e+001  2.09e-003    1.7e-003 (A)  1.0000  0.9519   1  1.6e-008  1.6e-008    0
  143  +1.5182e+002  4.19e+001  3.92e-005  6.19e-005  4.19e+001  1.61e-003    1.4e-003 (A)  1.0000  0.6379   1  7.9e-009  7.9e-009    0
  144  +1.4469e+002  6.95e+001  6.50e-004  2.06e-003  6.95e+001  2.19e-003    1.2e-003 (A)  0.8159  0.8524   1  6.7e-009  6.7e-009    0
  145  +1.3527e+002  7.28e+001  9.65e-004  1.48e-003  7.28e+001  1.44e-002    9.7e-004 (A)  0.5888  0.3508   1  5.5e-008  5.5e-008    0
  146  +1.2756e+002  3.24e+001  1.03e-003  1.39e-003  3.24e+001  1.11e-003    9.5e-004 (A)  0.3753  0.3301   1  7.3e-008  7.3e-008    0
  147  +1.2456e+002  1.27e+002  8.71e-004  1.18e-003  1.27e+002  2.48e-003    8.1e-004 (A)  0.2167  0.6305   1  6.5e-008  6.5e-008    0
  148  +1.2172e+002  1.18e+002  6.16e-004  7.01e-004  1.18e+002  1.54e-002    7.1e-004 (A)  0.4387  0.2563   1  5.8e-008  5.8e-008    0
  149  +1.2129e+002  6.62e+002  5.08e-004  5.85e-004  6.62e+002  4.15e-002    7.5e-004 (A)  0.1737  0.9002   1  5.2e-008  5.2e-008    0
  150  +1.2084e+002  5.41e+002  3.74e-004  4.55e-004  5.41e+002  3.39e-002    8.9e-004 (A)  0.2529  0.1267   1  4.5e-008  4.5e-008    1
  151  +1.2059e+002  4.62e+002  3.15e-004  3.84e-004  4.62e+002  2.89e-002    8.7e-004 (A)  0.1630  0.0711   1  3.5e-008  3.5e-008    2
  152  +1.2006e+002  2.12e+002  3.04e-004  2.19e-004  2.12e+002  1.96e-002    8.3e-004 (A)  0.5083  0.6000   1  3.1e-008  3.1e-008    0
  153  +1.1960e+002  3.79e+002  1.34e-004  6.41e-005  3.79e+002  1.12e-002    8.4e-004 (A)  1.0000  0.4551   1  3.0e-008  3.0e-008    1
  154  +1.1951e+002  9.06e+001  4.90e-005  3.23e-005  9.06e+001  2.45e-003    7.2e-004 (A)  0.7650  0.8257   1  1.6e-008  1.6e-008    0
  155  +1.1947e+002  1.61e+000  2.57e-005  1.13e-005  1.61e+000  3.23e-003    5.9e-004 (A)  1.0000  1.0000   1  7.6e-009  7.6e-009    2
  156  +1.1946e+002  2.62e+001  4.93e-006  4.57e-006  2.62e+001  1.00e-003    2.0e-007 (A)  0.8510  0.9294   1  1.1e-009  1.1e-009    2
  157  +1.1945e+002  1.63e+001  4.13e-006  2.11e-006  1.63e+001  7.77e-005    4.3e-005 (A)  0.9506  1.0000   1  2.1e-009  2.1e-009    0
  158  +1.1945e+002  1.62e+001  1.37e-006  1.40e-006  1.62e+001  3.45e-005    3.4e-005 (A)  0.9526  1.0000   1  1.9e-009  1.9e-009    0
  159  +1.1945e+002  3.25e+002  6.46e-007  6.27e-007  3.25e+002  3.10e-005    2.6e-005 (A)  1.0000  0.4300   1  1.4e-009  1.4e-009    1
  160  +1.1945e+002  4.67e+000  2.34e-007  3.41e-007  4.67e+000  4.69e-005    2.4e-005 (A)  1.0000  0.9808   1  1.2e-009  1.2e-009    0
  161  +1.1945e+002  2.04e+002  5.01e-007  3.49e-007  2.04e+002  2.45e-005    1.9e-005 (A)  1.0000  0.5185   1  1.1e-009  1.1e-009    1
  162  +1.1945e+002  1.18e-001  2.97e-007  2.30e-007  1.18e-001  2.43e-005    1.7e-005 (M)  1.0000  1.0000   1  1.2e-009  1.2e-009    2
  163  +1.1945e+002  5.91e+001  1.42e-008  1.65e-008  5.91e+001  6.24e-006    2.0e-007 (A)  1.0000  0.7767   1  1.1e-009  1.1e-009    0
  164  +1.1945e+002  7.13e-003  6.98e-009  5.90e-009  7.13e-003  3.17e-006    3.1e-006 (A)  1.0000  1.0000   1  1.0e-009  1.0e-009    1
  165  +1.1945e+002  1.89e+000  1.15e-009  1.82e-009  1.89e+000  8.28e-007    2.0e-007 (A)  1.0000  0.9918   1  1.0e-009  1.0e-009    0
  166  +1.1945e+002  1.36e-002  9.09e-010  8.98e-010  1.36e-002  2.00e-007    2.0e-007 (M)  1.0000  1.0000   1  1.0e-009  1.0e-009    1
  167  +1.1945e+002  3.39e-003  1.43e-010  1.72e-010  3.39e-003  2.21e-007    2.0e-007 (A)  1.0000  1.0000   1  1.0e-009  1.0e-009    0
  168  +1.1945e+002  1.26e-003  5.50e-012  1.21e-011  1.26e-003  2.00e-007    2.0e-007 (A)  1.0000  1.0000   1  1.0e-009  1.0e-009    0
  169  +1.1945e+002  2.71e-004  2.07e-012  2.20e-012  2.71e-004  2.00e-007    2.0e-007 (A)  1.0000  1.0000   1  1.0e-009  1.0e-009    1
  170  +1.1945e+002  1.64e-005  5.37e-014  6.17e-014  1.64e-005  2.00e-007    2.0e-007 (A)  1.0000  1.0000   1  1.0e-009  1.0e-009    0
  171  +1.1945e+002  5.26e-007  3.55e-015  2.56e-016  5.26e-007  2.00e-007    2.0e-007 (A)  1.0000  1.0000   1  1.0e-009  1.0e-009    0

OPTIMAL (within EQTOL=1.0e-006, INEQTOL=1.0e-006, STATTOL=1.0e-005, COMPTOL=1.0e-006).
Solve time: 16.130 ms (171 iterations)

